(.current-conda-env) (rapids) coder ➜ ~ $ python cupytest.py 
True
(32, 32) 97

 Cupy Eigsh
0 23
0 yo
u [1.4734011e+01, 6.2224059e+00, 1.6786019e+00, 1.4347991e+00, 4.3154480e+01, 1.6222181e+01, 1.6482757e+00, 8.5877943e-01, 3.1414470e-01, 2.3913318e-01, 4.0006887e-02, 2.3913318e-01, 0.0000000e+00, 2.7604619e-01, 1.9237626e-01, 0.0000000e+00, 1.8187262e+01, 1.5313239e+01, 8.1665096e+00, 6.0152426e+00, 9.8143539e+00, 7.4066310e+00, 2.1246996e+00, 2.2083695e+00, 1.0715511e+00, 1.1956658e+00, 1.1956658e+00, 7.1739954e-01, 4.6842244e-01, 2.7604619e-01, 2.7604619e-01, 0.0000000e+00]
bef check o 0.0
alpha 29.616165
beta[i - 1] 0.0
bef check 2 o 0.0
sub u [ 6.5585804 ,  0.5249584 , -6.0366287 , -0.9289445 , 36.072273  , 15.037331  , -0.57327837,  0.81323457, -2.9836285 , -1.1110607 , -6.1325626 , -7.771775  , -1.4593325 , -4.638387  , -0.2813027 , -0.9387731 ,  9.104366  , 14.99662   ,  0.56336784,  0.95801526,  4.087529  ,  5.676008  , -5.545882  ,  1.3620154 , -0.5175409 , -0.5462738 , -2.8426514 , -6.4706316 , -7.688745  , -5.9561625 , -8.024487  , -2.1690924 ]
sub u norm 48.43997
check norm 0.0
check o 0.0
final u [ 6.5585804 ,  0.5249584 , -6.0366287 , -0.9289445 , 36.072273  , 15.037331  , -0.57327837,  0.81323457, -2.9836285 , -1.1110607 , -6.1325626 , -7.771775  , -1.4593323 , -4.638387  , -0.2813027 , -0.9387731 ,  9.104366  , 14.99662   ,  0.5633679 ,  0.9580153 ,  4.0875297 ,  5.676008  , -5.545882  ,  1.3620154 , -0.5175409 , -0.5462738 , -2.8426514 , -6.4706316 , -7.688745  , -5.9561625 , -8.024487  , -2.1690924 ]
beta[i] numpy 48.43997
beta[i] 48.43997
1 yo
u [1.8747360e+01, 9.1638145e+00, 4.7407441e+00, 4.4680796e+00, 3.2852325e+01, 5.2211266e+00, 2.5479162e+00, 4.5874363e-01, 7.3284513e-01, 7.4467993e-01, 3.1043229e-01, 7.4467993e-01, 0.0000000e+00, 1.3539605e-01, 1.0837298e-02, 0.0000000e+00, 5.7718826e+01, 4.5489861e+01, 2.8559879e+01, 1.8007715e+01, 3.3902659e+00, 2.8756425e+00, 9.5860964e-01, 1.0831684e+00, 3.2773170e+00, 3.7233996e+00, 3.7233996e+00, 2.2340398e+00, 1.4623335e-01, 1.3539605e-01, 1.3539605e-01, 0.0000000e+00]
bef check o 48.439972
alpha 53.2974
beta[i - 1] 48.43997
bef check 2 o 8.583069e-06
sub u [ -1.8405683 ,  -0.73248637,  -1.2362612 ,   1.6240554 , -18.420782  , -13.26204   ,  -0.45487544,  -0.5105327 ,  -1.3781483 ,  -0.24121203,  -3.0378554 ,  -3.806792  ,  -0.78120255,  -2.7991009 ,  -0.45439735,  -0.5025394 ,  32.84559   ,  28.47156   ,  15.504379  ,   8.682072  , -10.473899  ,  -6.2001333 ,  -5.4853263 ,  -1.7997162 ,   1.247649  ,   1.4753493 ,   0.24606442,  -2.4031594 ,  -4.735814  ,  -3.504526  ,  -4.6117306 ,  -1.1611478 ]
sub u norm 54.881145
check norm 0.0
check o 0.0
final u [ -1.8405683 ,  -0.73248637,  -1.2362612 ,   1.6240554 , -18.420782  , -13.26204   ,  -0.45487544,  -0.5105327 ,  -1.3781483 ,  -0.24121203,  -3.0378554 ,  -3.806792  ,  -0.78120255,  -2.7991009 ,  -0.45439735,  -0.5025394 ,  32.84559   ,  28.47156   ,  15.504379  ,   8.682072  , -10.473899  ,  -6.2001333 ,  -5.4853263 ,  -1.7997162 ,   1.247649  ,   1.4753493 ,   0.24606442,  -2.4031594 ,  -4.735814  ,  -3.504526  ,  -4.6117306 ,  -1.1611478 ]
beta[i] numpy 54.881145
beta[i] 54.881145
2 yo
u [-1.4502870e+01, -5.1468043e+00, -3.0298109e+00, -2.0138919e+00,  8.4103607e+01,  1.8325220e+01,  5.4909339e+00,  5.3141111e-01, -3.4393704e-01, -3.3564866e-01, -2.4165021e-01, -3.3564866e-01,  0.0000000e+00, -3.3537351e-02, -1.3346776e-02,  0.0000000e+00, -2.8263290e+01, -2.0557835e+01, -1.4915811e+01, -8.0891047e+00, -1.0638380e+00, -8.7247491e-01, -2.4810822e-01, -2.6829880e-01, -1.5925332e+00, -1.6782433e+00, -1.6782433e+00, -1.0069460e+00, -4.6884127e-02, -3.3537351e-02, -3.3537351e-02,  0.0000000e+00]
bef check o 54.881145
alpha -64.87005
beta[i - 1] 54.881145
bef check 2 o -1.9073486e-06
sub u [-24.109129  ,  -6.6073737 ,   2.3482494 ,   0.9582258 ,  21.461176  , -14.387517  ,   5.602775  ,  -0.9934157 ,   1.4074466 ,   0.63803744,   3.115599  ,   3.969892  ,   0.72999406,   1.9130627 ,  -0.23174073,   0.4695974 ,   0.24551708,  -3.894926  ,   2.7722363 ,   1.0877844 , -18.075146  , -14.631852  ,  -0.44848642,  -3.9387066 ,   0.4685593 ,   0.68454695,   1.8332525 ,   3.483543  ,   3.0664725 ,   2.5722458 ,   3.6068738 ,   1.0850335 ]
sub u norm 44.616467
check norm -9.536743e-07
check o -9.536743e-07
final u [-24.109129  ,  -6.6073737 ,   2.3482494 ,   0.9582258 ,  21.461176  , -14.387517  ,   5.602775  ,  -0.9934157 ,   1.4074466 ,   0.63803744,   3.115599  ,   3.969892  ,   0.72999406,   1.9130627 ,  -0.23174073,   0.4695974 ,   0.24551708,  -3.894926  ,   2.7722363 ,   1.0877844 , -18.075146  , -14.631852  ,  -0.44848642,  -3.9387066 ,   0.4685593 ,   0.68454695,   1.8332525 ,   3.483543  ,   3.0664725 ,   2.5722458 ,   3.6068738 ,   1.0850335 ]
beta[i] numpy 44.616467
beta[i] 44.616467
3 yo
u [-17.06866   ,   0.5411445 ,  -1.1599127 ,   2.8860881 , -10.6633    ,  -4.289384  ,  -0.6078217 ,  -1.075225  ,   0.6065911 ,   0.4810147 ,  -0.32247102,   0.4810147 ,   0.        ,  -0.5403639 ,  -0.14809272,   0.        ,  24.865856  ,  29.55499   ,   7.8329277 ,  11.003988  , -15.573217  , -12.810838  ,  -3.9306402 ,  -4.3229113 ,   1.7271641 ,   2.4050734 ,   2.4050734 ,   1.4430441 ,  -0.68845665,  -0.5403639 ,  -0.5403639 ,   0.        ]
bef check o 44.616467
alpha 14.757174
beta[i - 1] 44.616467
bef check 2 o -2.9802322e-06
sub u [-7.5980988 ,  3.32206   , -0.9315733 ,  1.2488484 , -2.7862587 , 11.250956  , -2.0911765 , -0.33160126,  1.2614561 ,  0.46607685,  1.1166961 ,  2.2627378 ,  0.39364046,  1.1024505 ,  0.29796624,  0.2532248 , -1.9176707 ,  7.6968727 , -5.688528  ,  3.5859745 , -1.0798345 , -2.9307692 ,  0.67707896, -1.5570527 ,  0.55789006,  0.97924757,  1.598672  ,  2.244526  ,  2.1473405 ,  1.4579077 ,  2.015817  ,  0.58509123]
sub u norm 18.986998
check norm 1.1920929e-07
check o 1.1920929e-07
final u [-7.5980988 ,  3.32206   , -0.9315733 ,  1.2488484 , -2.7862587 , 11.250956  , -2.0911765 , -0.33160126,  1.2614561 ,  0.46607685,  1.1166961 ,  2.2627378 ,  0.39364046,  1.1024505 ,  0.29796624,  0.2532248 , -1.9176707 ,  7.6968727 , -5.688528  ,  3.5859745 , -1.0798345 , -2.9307692 ,  0.67707896, -1.5570527 ,  0.55789006,  0.97924757,  1.598672  ,  2.244526  ,  2.1473405 ,  1.4579077 ,  2.015817  ,  0.58509123]
beta[i] numpy 18.986998
beta[i] 18.986996
4 yo
u [ -1.0398936 ,  -2.9862607 ,   1.2064474 ,  -0.88047385,  11.286475  , -12.723978  ,   2.299045  ,  -0.90134686,  -0.25688294,  -0.14674564,   0.5925611 ,  -0.14674564,   0.        ,  -0.40017384,   0.17496502,   0.        ,   1.9742447 , -10.012482  ,   7.623819  ,  -3.9220693 ,  -8.5780325 ,  -9.751363  ,  -2.6262517 ,  -3.2013907 ,  -0.10455874,  -0.7337282 ,  -0.7337282 ,  -0.44023693,  -0.22520882,  -0.40017384,  -0.40017384,   0.        ]
bef check o 18.986996
alpha -15.055258
beta[i - 1] 18.986996
bef check 2 o 2.1457672e-06
sub u [ 3.1952744e+00,  2.4597189e+00, -5.3154182e-01, -2.9801401e-01, -5.5845741e-02,  2.3199372e+00, -1.7434189e+00, -7.4152344e-01,  1.4440322e-01, -4.8705250e-02,  1.5214165e-01, -4.1993819e-02,  1.4706769e-03, -3.4013739e-01,  5.0984937e-01,  9.4613194e-04,  3.4919584e-01, -2.2519143e+00,  1.9334913e+00, -1.5415790e+00, -1.7421962e+00, -5.8485069e+00, -1.8985214e+00, -2.7598591e+00,  1.3840587e-01, -2.4857464e-01, -2.4626128e-01, -1.4295474e-01,  1.7250100e-01, -3.3880892e-01, -3.3672556e-01,  2.1859799e-03]
sub u norm 9.285423
check norm 7.1525574e-07
check o 7.1525574e-07
final u [ 3.1952744e+00,  2.4597189e+00, -5.3154182e-01, -2.9801401e-01, -5.5845741e-02,  2.3199372e+00, -1.7434189e+00, -7.4152344e-01,  1.4440322e-01, -4.8705250e-02,  1.5214165e-01, -4.1993819e-02,  1.4706769e-03, -3.4013739e-01,  5.0984937e-01,  9.4613194e-04,  3.4919584e-01, -2.2519143e+00,  1.9334913e+00, -1.5415790e+00, -1.7421962e+00, -5.8485069e+00, -1.8985214e+00, -2.7598591e+00,  1.3840587e-01, -2.4857464e-01, -2.4626128e-01, -1.4295474e-01,  1.7250100e-01, -3.3880892e-01, -3.3672556e-01,  2.1859799e-03]
beta[i] numpy 9.285423
beta[i] 9.285423
5 yo
u [-2.0770554e+01, -1.8588372e+00, -1.2894993e+00, -3.6086071e-02, -2.9114256e+00,  8.5795269e+00, -1.0093427e+00,  7.2584140e-01, -1.9377305e-01, -6.0143452e-03,  2.4984722e-01, -6.0143452e-03,  0.0000000e+00,  3.4411725e-01,  2.6490110e-01,  0.0000000e+00,  5.2099051e+00, -1.1493100e+00,  5.0814152e+00,  1.9977297e-01,  1.1746470e+01,  8.0870800e+00,  2.6737220e+00,  2.7529380e+00,  3.8031138e-02, -3.0071726e-02, -3.0071726e-02, -1.8043036e-02,  6.0901833e-01,  3.4411725e-01,  3.4411725e-01,  0.0000000e+00]
bef check o 9.285425
alpha -12.443507
beta[i - 1] 9.285423
bef check 2 o 9.536743e-07
sub u [-12.772745  ,  -0.18716244,  -1.5462468 ,  -1.0461966 ,  -1.62367   ,   6.186322  ,  -2.3230479 ,  -0.10571646,  -0.6171604 ,  -0.29921556,  -0.09237606,  -1.1688625 ,  -0.19053546,  -0.6508484 ,   0.8024387 ,  -0.12256939,   6.615686  ,  -7.931216  ,  10.454435  ,  -3.6198049 ,   9.939816  ,   1.6826928 ,  -0.2016285 ,  -0.18411916,  -0.04932068,  -0.84208196,  -1.1419058 ,  -1.3072838 ,  -0.20994858,  -0.8229012 ,  -1.0929497 ,  -0.28320414]
sub u norm 23.504005
check norm 1.9073486e-06
check o 1.9073486e-06
final u [-12.772745  ,  -0.18716244,  -1.5462468 ,  -1.0461966 ,  -1.62367   ,   6.186322  ,  -2.3230479 ,  -0.10571646,  -0.6171604 ,  -0.29921556,  -0.09237606,  -1.1688625 ,  -0.19053546,  -0.6508484 ,   0.8024387 ,  -0.12256939,   6.615686  ,  -7.931216  ,  10.454435  ,  -3.6198049 ,   9.939816  ,   1.6826928 ,  -0.2016285 ,  -0.18411916,  -0.04932068,  -0.84208196,  -1.1419058 ,  -1.3072838 ,  -0.20994858,  -0.8229012 ,  -1.0929497 ,  -0.28320414]
beta[i] numpy 23.504005
beta[i] 23.504004
6 yo
u [ 1.3368500e+01,  3.9926307e+00,  1.8370625e+00, -4.1448343e-01, -7.0811176e-01,  8.8413410e+00, -9.3508291e-01, -8.0538636e-01, -1.6791683e-01, -6.9080569e-02,  2.6320291e-01, -6.9080569e-02,  0.0000000e+00, -5.4342848e-01, -7.9630027e-03,  0.0000000e+00, -4.0167755e-01, -5.3503609e+00,  3.1836782e+00, -2.2013621e+00, -1.4348307e+01, -1.3239644e+01, -3.8119624e+00, -4.3474278e+00, -1.1195564e-01, -3.4540284e-01, -3.4540284e-01, -2.0724171e-01, -5.5139148e-01, -5.4342848e-01, -5.4342848e-01,  0.0000000e+00]
bef check o 23.504005
alpha -8.315888
beta[i - 1] 23.504004
bef check 2 o 2.8312206e-06
sub u [ 0.761277  , -2.2998257 ,  2.6354702 , -0.03027869, -1.1412153 ,  5.157697  ,  2.6560874 ,  1.0342141 , -0.7517978 , -0.05165867, -0.15459381, -0.3763349 , -0.0711356 ,  0.08727936, -1.014626  , -0.04576092,  1.055087  , -2.4562576 ,  1.9883251 ,  0.4200922 , -6.42154   ,  2.1599147 ,  0.92238927,  2.573406  , -0.4797498 , -0.01412569, -0.12606142, -0.30791014, -1.0623215 ,  0.02304301, -0.07777575, -0.10573313]
sub u norm 10.80555
check norm 1.6391277e-07
check o 1.6391277e-07
final u [ 0.761277  , -2.2998257 ,  2.6354702 , -0.03027869, -1.1412153 ,  5.157697  ,  2.6560874 ,  1.0342141 , -0.7517978 , -0.05165867, -0.15459381, -0.3763349 , -0.0711356 ,  0.08727936, -1.014626  , -0.04576092,  1.055087  , -2.4562576 ,  1.9883251 ,  0.4200922 , -6.42154   ,  2.1599147 ,  0.92238927,  2.573406  , -0.4797498 , -0.01412569, -0.12606142, -0.30791014, -1.0623215 ,  0.02304301, -0.07777575, -0.10573313]
beta[i] numpy 10.80555
beta[i] 10.80555
7 yo
u [-4.3482323 , -7.207786  ,  0.89792675, -0.63368285, -1.6063318 ,  7.5202093 , -1.3001255 ,  0.23854788,  0.1401939 , -0.10561381,  0.47731927, -0.10561381,  0.        ,  0.07045241, -0.21283746,  0.        ,  4.3262944 , -4.897144  ,  6.1651344 , -2.464279  , -0.02165008,  2.4225569 ,  0.2803294 ,  0.56361926,  0.30067176, -0.5280691 , -0.5280691 , -0.31684142, -0.14238505,  0.07045241,  0.07045241,  0.        ]
bef check o 10.80555
alpha 8.164824
beta[i - 1] 10.80555
bef check 2 o -1.3709068e-06
sub u [ 9.4857675e-01, -5.3839612e+00, -3.8261196e-01, -1.2983343e-01,  2.4408922e-03,  7.7893114e-01, -2.2391222e+00, -4.9431753e-01,  9.9199146e-01,  7.0979297e-02,  6.3660085e-01,  7.1611416e-01,  1.4134640e-01,  3.0371904e-01,  1.8492116e-01,  9.0926722e-02,  4.8761076e-01,  6.0507518e-01, -1.4351402e-01, -1.1175650e+00,  2.6089996e-01,  1.6906651e-02, -3.2394555e-01, -1.2962369e+00,  6.8585175e-01, -1.3026318e-01,  9.2155769e-02,  5.1682055e-01,  7.5684029e-01,  4.3135524e-01,  6.3168538e-01,  2.1009159e-01]
sub u norm 6.6082253
check norm -2.9802322e-08
check o -2.9802322e-08
final u [ 9.4857675e-01, -5.3839612e+00, -3.8261196e-01, -1.2983343e-01,  2.4408922e-03,  7.7893114e-01, -2.2391222e+00, -4.9431753e-01,  9.9199146e-01,  7.0979297e-02,  6.3660085e-01,  7.1611416e-01,  1.4134640e-01,  3.0371904e-01,  1.8492116e-01,  9.0926722e-02,  4.8761076e-01,  6.0507518e-01, -1.4351402e-01, -1.1175650e+00,  2.6089996e-01,  1.6906651e-02, -3.2394555e-01, -1.2962369e+00,  6.8585175e-01, -1.3026318e-01,  9.2155769e-02,  5.1682055e-01,  7.5684029e-01,  4.3135524e-01,  6.3168538e-01,  2.1009159e-01]
beta[i] numpy 6.6082253
beta[i] 6.6082253
8 yo
u [ 1.9142020e-01,  3.8862425e-01,  5.5960679e-01,  2.2162308e-03, -5.1910973e-01,  2.7365146e+00,  2.8370351e-01,  3.6087817e-01, -3.3846927e-01,  3.6937182e-04,  1.1787297e-01,  3.6937182e-04,  0.0000000e+00,  1.4354485e-01, -8.1473631e-01,  0.0000000e+00,  6.6051799e-01, -1.8669553e+00,  1.5538042e+00,  1.5240978e-01, -5.3457317e+00,  3.2713785e+00,  1.9007760e-01,  1.1483588e+00, -2.1948819e-01,  1.8468591e-03,  1.8468591e-03,  1.1081154e-03, -6.7119145e-01,  1.4354485e-01,  1.4354485e-01,  0.0000000e+00]
bef check o 6.608225
alpha -0.87343156
beta[i - 1] 6.6082253
bef check 2 o 0.0
sub u [-0.14876863,  1.0834856 , -1.1027085 ,  0.00357291,  0.17913407, -0.31476495, -1.6366012 , -0.33693984,  0.2524139 ,  0.04134324,  0.29655775,  0.32517135,  0.0621858 ,  0.13031197, -0.16979156,  0.04000356,  0.07971986, -0.28483492,  0.3188583 , -0.25221342, -1.3841013 ,  1.952699  , -0.4168344 , -0.5967575 ,  0.1645582 , -0.00673177,  0.09112133,  0.25772306,  0.07851431,  0.18646635,  0.27460122,  0.09243049]
sub u norm 3.519053
check norm 0.0
check o 0.0
final u [-0.14876863,  1.0834856 , -1.1027085 ,  0.00357291,  0.17913407, -0.31476495, -1.6366012 , -0.33693984,  0.2524139 ,  0.04134324,  0.29655775,  0.32517135,  0.0621858 ,  0.13031197, -0.16979156,  0.04000356,  0.07971986, -0.28483492,  0.3188583 , -0.25221342, -1.3841013 ,  1.952699  , -0.4168344 , -0.5967575 ,  0.1645582 , -0.00673177,  0.09112133,  0.25772306,  0.07851431,  0.18646635,  0.27460122,  0.09243049]
beta[i] numpy 3.519053
beta[i] 3.519053
9 yo
u [ 0.74908197, -4.305006  ,  0.7238797 ,  0.30542433, -0.14858866,  0.72315764,  0.03135148, -0.0618966 , -0.41416457,  0.05090406, -0.08944593,  0.05090406,  0.        , -0.04227519,  0.30789125,  0.        , -0.2390157 ,  0.27246046,  0.04609454,  1.1794221 ,  1.6609411 , -1.9546658 ,  0.01196492, -0.33820152, -0.35089836,  0.2545203 ,  0.2545203 ,  0.15271217,  0.26561606, -0.04227519, -0.04227519,  0.        ]
bef check o 3.5190532
alpha -3.5014539
beta[i - 1] 3.519053
bef check 2 o 5.9604645e-08
sub u [ 0.09591509, -0.35983822, -0.16956316,  0.37811914,  0.02834923, -0.00483405, -0.4046741 , -0.13391449, -0.6912742 ,  0.05424225, -0.13337764, -0.0069    , -0.01339578, -0.07435308,  0.04047352, -0.00861732, -0.4193606 , -0.3331687 ,  0.43978286,  1.5236027 ,  0.14482585, -0.02073603, -0.23027529, -0.24169478, -0.5523971 ,  0.3171908 ,  0.29611072,  0.13392615, -0.05929919, -0.08644909, -0.10543597, -0.01991093]
sub u norm 2.1136107
check norm -5.9604645e-08
check o -5.9604645e-08
final u [ 0.09591509, -0.35983822, -0.16956316,  0.37811914,  0.02834923, -0.00483405, -0.4046741 , -0.13391449, -0.6912742 ,  0.05424225, -0.13337764, -0.0069    , -0.01339578, -0.07435308,  0.04047352, -0.00861732, -0.4193606 , -0.3331687 ,  0.43978286,  1.5236027 ,  0.14482585, -0.02073603, -0.23027529, -0.24169478, -0.5523971 ,  0.3171908 ,  0.29611072,  0.13392615, -0.05929919, -0.08644909, -0.10543597, -0.01991093]
beta[i] numpy 2.1136107
beta[i] 2.1136107
10 yo
u [-1.6257721e-01,  6.4699155e-01,  1.5211141e-01,  8.0476202e-02,  2.4127197e-01, -3.4975117e-01, -2.4980779e+00, -1.0765010e-01, -1.7804834e-01,  1.3412700e-02, -2.2871071e-03,  1.3412700e-02,  0.0000000e+00,  4.5379736e-02, -1.7024811e-01,  0.0000000e+00, -4.6943665e-02, -2.8521183e-01,  1.8639074e-01,  3.6728454e-01, -8.5330498e-01,  8.4844053e-01,  1.4741005e-01,  3.6303788e-01, -1.4009735e-01,  6.7063503e-02,  6.7063503e-02,  4.0238101e-02, -1.2486837e-01,  4.5379736e-02,  4.5379736e-02,  0.0000000e+00]
bef check o 2.1136103
alpha 0.7190823
beta[i - 1] 2.1136107
bef check 2 o -3.2782555e-07
sub u [-1.05855644e-01,  1.18651658e-01,  8.72107089e-01, -5.03116176e-02,  1.24037459e-01, -1.59052297e-01, -1.37742758e+00,  1.40282199e-01, -9.44710672e-02, -2.98729017e-02, -1.35028422e-01, -1.79544166e-01, -3.27925757e-02, -7.59219611e-03, -8.20377916e-02, -2.10951883e-02,  4.78487350e-02, -7.84775941e-04, -1.54742062e-01,  4.16185270e-04, -7.12594911e-02, -3.17332953e-01,  4.76111770e-01,  8.03690135e-01, -5.10002747e-02, -3.68063748e-02, -8.84071216e-02, -1.60119161e-01, -1.51851326e-01, -3.72043848e-02, -8.36803094e-02, -4.87415791e-02]
sub u norm 1.9724332
check norm 0.0
check o 0.0
final u [-1.05855644e-01,  1.18651658e-01,  8.72107089e-01, -5.03116176e-02,  1.24037459e-01, -1.59052297e-01, -1.37742758e+00,  1.40282199e-01, -9.44710672e-02, -2.98729017e-02, -1.35028422e-01, -1.79544166e-01, -3.27925757e-02, -7.59219611e-03, -8.20377916e-02, -2.10951883e-02,  4.78487350e-02, -7.84775941e-04, -1.54742062e-01,  4.16185270e-04, -7.12594911e-02, -3.17332953e-01,  4.76111770e-01,  8.03690135e-01, -5.10002747e-02, -3.68063748e-02, -8.84071216e-02, -1.60119161e-01, -1.51851326e-01, -3.72043848e-02, -8.36803094e-02, -4.87415791e-02]
beta[i] numpy 1.9724332
beta[i] 1.9724332
11 yo
u [ 0.14348763, -0.38906068, -0.6259158 ,  0.37731305, -0.0157153 ,  0.04857874,  0.08105045, -0.08307635, -0.63545376,  0.06288551, -0.08063761,  0.06288551,  0.        , -0.05366754,  0.06015497,  0.        , -0.26722854, -0.40768743,  0.33396798,  1.4555846 ,  0.1506443 ,  0.03842258, -0.3155178 , -0.42934033, -0.5274349 ,  0.31442755,  0.31442755,  0.18865652,  0.00648743, -0.05366754, -0.05366754,  0.        ]
bef check o 1.9724334
alpha -0.67169327
beta[i - 1] 1.9724332
bef check 2 o 4.8056245e-07
sub u [ 1.7931206e-02, -1.2851518e-02, -1.7069089e-01,  7.3169484e-03,  6.9530462e-05, -1.0735618e-03, -1.0375101e-02,  8.9665145e-02, -2.2523927e-02,  2.0933875e-03, -2.1515049e-03,  8.1825191e-03,  1.3338111e-03,  1.3133671e-02, -5.5522881e-03,  8.5795560e-04,  1.4041588e-01, -9.7039588e-02, -1.2913564e-01,  3.3891577e-02, -8.7745655e-03, -5.0291404e-02,  6.1511569e-02,  6.9899417e-02, -2.9302407e-02,  5.8892248e-03,  7.9891114e-03,  9.1487691e-03,  1.0114218e-02,  1.4337581e-02,  1.6229292e-02,  1.9824977e-03]
sub u norm 0.3137884
check norm -3.7252903e-09
check o -3.7252903e-09
final u [ 1.7931206e-02, -1.2851518e-02, -1.7069089e-01,  7.3169484e-03,  6.9530462e-05, -1.0735618e-03, -1.0375101e-02,  8.9665145e-02, -2.2523927e-02,  2.0933875e-03, -2.1515049e-03,  8.1825191e-03,  1.3338111e-03,  1.3133671e-02, -5.5522881e-03,  8.5795560e-04,  1.4041588e-01, -9.7039588e-02, -1.2913564e-01,  3.3891577e-02, -8.7745655e-03, -5.0291404e-02,  6.1511569e-02,  6.9899417e-02, -2.9302407e-02,  5.8892248e-03,  7.9891114e-03,  9.1487691e-03,  1.0114218e-02,  1.4337581e-02,  1.6229292e-02,  1.9824977e-03]
beta[i] numpy 0.3137884
beta[i] 0.3137884
12 yo
u [ 5.6241393e-02, -3.4563251e-02, -5.4954058e-01,  1.3295035e-03,  2.0338058e-02, -3.3581972e-02, -2.7168587e-01,  5.6177437e-01, -3.2842420e-02,  2.2158390e-04, -3.4212922e-03,  2.2158390e-04,  0.0000000e+00,  5.7144258e-02, -4.0955998e-02,  0.0000000e+00,  1.6662611e-01, -1.2772314e-01, -1.0273433e-01,  6.2462270e-02, -5.2701592e-02, -2.6044214e-01,  3.5905382e-01,  4.5715407e-01, -3.5598960e-02,  1.1079195e-03,  1.1079195e-03,  6.6475174e-04,  1.6188260e-02,  5.7144258e-02,  5.7144258e-02,  0.0000000e+00]
bef check o 0.31378824
alpha 0.8667308
beta[i - 1] 0.3137884
bef check 2 o -2.3841858e-07
sub u [ 0.0235532 , -0.01794135, -0.21680763, -0.01087714,  0.00041695, -0.00531273, -0.02389744,  0.29178885,  0.04440108, -0.00080831,  0.02400255,  0.00618314,  0.00153264,  0.02207482, -0.01256861,  0.00098614, -0.22883604,  0.14043988,  0.27857468, -0.03121759, -0.01712734, -0.0710453 ,  0.11340663,  0.1362252 ,  0.05345213, -0.00930363, -0.00689489,  0.00086715,  0.01240867,  0.02346032,  0.02562878,  0.00227813]
sub u norm 0.57337683
check norm 0.0
check o 0.0
final u [ 0.0235532 , -0.01794135, -0.21680763, -0.01087714,  0.00041695, -0.00531273, -0.02389744,  0.29178885,  0.04440108, -0.00080831,  0.02400255,  0.00618314,  0.00153264,  0.02207482, -0.01256861,  0.00098614, -0.22883604,  0.14043988,  0.27857468, -0.03121759, -0.01712734, -0.0710453 ,  0.11340663,  0.1362252 ,  0.05345213, -0.00930363, -0.00689489,  0.00086715,  0.01240867,  0.02346032,  0.02562878,  0.00227813]
beta[i] numpy 0.57337683
beta[i] 0.5733768
13 yo
u [ 0.04972732, -0.03692729, -0.4656166 ,  0.00436307, -0.00158715,  0.0111804 ,  0.01256927, -0.31694627, -0.04095126,  0.00072718, -0.0092657 ,  0.00072718,  0.        ,  0.04107805, -0.03129068,  0.        ,  0.23864996, -0.16463467, -0.19478925,  0.05853032, -0.03241646, -0.14849931,  0.2562557 ,  0.32862443, -0.04803542,  0.00363589,  0.00363589,  0.00218153,  0.00978738,  0.04107805,  0.04107805,  0.        ]
bef check o 0.5733769
alpha -0.070145436
beta[i - 1] 0.5733768
bef check 2 o 8.009374e-08
sub u [ 0.01984336, -0.01563915, -0.18024136, -0.01033772, -0.00166727,  0.01249002,  0.02860389, -0.44509232,  0.00563806, -0.00319688, -0.00239769, -0.01346787, -0.00224969,  0.01977994, -0.02268277, -0.00144705, -0.04592377,  0.02986278,  0.07525712, -0.00721826, -0.01847948, -0.06529555,  0.15773107,  0.2175643 ,  0.01204724, -0.00826356, -0.01180588, -0.01442953, -0.00717585,  0.0177496 ,  0.01455828, -0.0033438 ]
sub u norm 0.5658125
check norm 2.0489097e-08
check o 2.0489097e-08
final u [ 0.01984336, -0.01563915, -0.18024136, -0.01033772, -0.00166727,  0.01249002,  0.02860389, -0.44509232,  0.00563806, -0.00319688, -0.00239769, -0.01346787, -0.00224969,  0.01977994, -0.02268277, -0.00144705, -0.04592377,  0.02986278,  0.07525712, -0.00721826, -0.01847948, -0.06529555,  0.15773107,  0.2175643 ,  0.01204724, -0.00826356, -0.01180588, -0.01442953, -0.00717585,  0.0177496 ,  0.01455828, -0.0033438 ]
beta[i] numpy 0.5658125
beta[i] 0.5658125
14 yo
u [ 0.03657126, -0.02820928, -0.33501312, -0.01768011, -0.00070679,  0.00314713, -0.00436936, -0.01102316,  0.04760697, -0.00294669,  0.02207448, -0.00294669,  0.        ,  0.03507056, -0.02764016,  0.        , -0.25666314,  0.1586447 ,  0.32544893, -0.03564989, -0.0293135 , -0.11396599,  0.21785375,  0.2805645 ,  0.0608414 , -0.01473343, -0.01473343, -0.00884006,  0.0074304 ,  0.03507056,  0.03507056,  0.        ]
bef check o 0.5658126
alpha 0.38004878
beta[i - 1] 0.5658125
bef check 2 o -8.777334e-09
sub u [ 6.4801498e-12, -5.4214411e-12, -5.7791993e-11, -2.7764875e-06, -4.5474735e-13,  1.5347723e-12,  2.7782221e-12, -4.6348703e-11,  4.6869404e-06, -1.7259670e-06, -8.6021680e-07, -1.9870279e-06, -1.3178458e-06,  1.0878500e-06, -1.6771015e-06, -1.1563908e-06, -1.2030910e-10, -1.1921929e-06, -8.0184421e-08,  4.1682101e-06, -9.4255881e-08,  6.2821726e-08, -2.6137739e-06,  1.3450195e-06,  2.4667102e-06, -2.0287225e-06,  3.6340327e-07, -3.5848823e-06,  5.4079865e-06, -2.3662190e-06,  1.3738712e-06, -2.0671100e-06]
sub u norm 1.1664415e-05
check norm 8.526513e-14
check o 8.526513e-14
final u [ 6.4801498e-12, -5.4214411e-12, -5.7791993e-11, -2.7764875e-06, -4.5474735e-13,  1.5347723e-12,  2.7782221e-12, -4.6348703e-11,  4.6869404e-06, -1.7259670e-06, -8.6021680e-07, -1.9870279e-06, -1.3178458e-06,  1.0878500e-06, -1.6771015e-06, -1.1563908e-06, -1.2030910e-10, -1.1921929e-06, -8.0184421e-08,  4.1682101e-06, -9.4255881e-08,  6.2821726e-08, -2.6137739e-06,  1.3450195e-06,  2.4667102e-06, -2.0287225e-06,  3.6340327e-07, -3.5848823e-06,  5.4079865e-06, -2.3662190e-06,  1.3738712e-06, -2.0671100e-06]
beta[i] numpy 1.1664415e-05
beta[i] 1.1664416e-05
15 yo
u [-5.8673322e-08, -2.6822090e-07, -3.6231456e-06, -2.3391520e-07, -2.3841858e-06, -1.6391277e-07,  5.7829664e-07, -9.2031014e-06,  1.9919341e-07, -3.8985867e-08,  1.3157729e-07, -3.8985867e-08,  0.0000000e+00,  5.5554858e-07, -4.6478462e-07,  0.0000000e+00, -2.1308213e-06, -3.9351369e-07,  9.9718523e-07, -3.8011223e-07, -5.7747820e-07, -1.5304995e-06,  3.4240556e-06,  4.4443887e-06,  2.1381308e-07, -1.9492933e-07, -1.9492933e-07, -1.1695760e-07,  9.0763962e-08,  5.5554858e-07,  5.5554858e-07,  0.0000000e+00]
bef check o 1.1670242e-05
alpha 1.2073542e-10
beta[i - 1] 1.1664416e-05
bef check 2 o 5.825095e-09
sub u [-5.6843419e-14, -7.8159701e-14, -6.3948846e-14, -1.4210855e-14,  0.0000000e+00, -2.8421709e-14, -2.6645353e-14, -7.1054274e-15, -4.2632564e-14, -2.4868996e-14, -1.1368684e-13, -5.6843419e-14, -3.1974423e-14, -9.9475983e-14,  6.8611783e-14, -2.1316282e-14, -1.1368684e-13,  0.0000000e+00,  0.0000000e+00, -1.4210855e-14, -1.7053026e-13,  5.6843419e-14,  3.5527137e-13, -2.7711167e-13,  1.2434498e-13, -7.2830630e-14, -1.0302870e-13, -1.2789769e-13,  0.0000000e+00, -1.4210855e-13, -1.4210855e-13, -4.2632564e-14]
sub u norm 6.2310866e-13
check norm 2.2079787e-14
check o 2.2079787e-14
final u [-5.6843419e-14, -7.8159701e-14, -6.3948846e-14, -1.4210855e-14,  0.0000000e+00, -2.8421709e-14, -2.6645353e-14, -7.1054274e-15, -4.2632564e-14, -2.4868996e-14, -1.1368684e-13, -5.6843419e-14, -3.1974423e-14, -9.9475983e-14,  6.8611783e-14, -2.1316282e-14, -1.1368684e-13,  0.0000000e+00,  0.0000000e+00, -1.4210855e-14, -1.7053026e-13,  5.6843419e-14,  3.5527137e-13, -2.7711167e-13,  1.2434498e-13, -7.2830630e-14, -1.0302870e-13, -1.2789769e-13,  0.0000000e+00, -1.4210855e-13, -1.4210855e-13, -4.2632564e-14]
beta[i] numpy 6.2310866e-13
beta[i] 6.2310866e-13
16 yo
u [ -6.328771  ,  -2.64661   ,  -0.45612767,   0.        , -17.586573  ,  -5.410815  ,  -0.7241027 ,  -0.36490214,  -0.04276197,   0.        ,  -0.04561277,   0.        ,   0.        ,  -0.09122553,  -0.1254351 ,   0.        ,  -1.493818  ,  -0.34779733,  -1.0376904 ,  -0.09122553,  -3.9569073 ,  -2.497299  ,  -0.7640139 ,  -0.7298043 ,  -0.08837473,   0.        ,   0.        ,   0.        ,  -0.21666063,  -0.09122553,  -0.09122553,   0.        ]
bef check o 6.160699e-07
alpha 2.2927134
beta[i - 1] 6.2310866e-13
bef check 2 o 0.09444447
sub u [-4.7683716e-07,  2.3841858e-07, -6.2584877e-07, -9.6405447e-03,  1.9073486e-06,  0.0000000e+00,  0.0000000e+00,  1.1920929e-07,  1.1048365e-01,  7.1179494e-02,  3.1349260e-01,  5.0011754e-02,  9.7442836e-02,  2.5379354e-01, -2.8638107e-01,  6.7933358e-02,  1.1920929e-07,  5.6278855e-02,  6.7325830e-03, -2.2549210e-01,  1.8316579e-01, -1.2210989e-01, -1.4818772e+00,  9.9534470e-01, -4.4815299e-01,  2.1888404e-01,  2.6203960e-01,  3.3033744e-01, -2.5330168e-01,  4.1074544e-01,  3.3669835e-01,  1.2770876e-01]
sub u norm 2.087333
check norm -6.7055225e-08
check o -6.7055225e-08
final u [-4.7683716e-07,  2.3841858e-07, -6.2584877e-07, -9.6405447e-03,  1.9073486e-06,  0.0000000e+00,  0.0000000e+00,  1.1920929e-07,  1.1048365e-01,  7.1179494e-02,  3.1349260e-01,  5.0011754e-02,  9.7442836e-02,  2.5379354e-01, -2.8638107e-01,  6.7933358e-02,  1.1920929e-07,  5.6278855e-02,  6.7325830e-03, -2.2549210e-01,  1.8316579e-01, -1.2210989e-01, -1.4818772e+00,  9.9534470e-01, -4.4815299e-01,  2.1888404e-01,  2.6203960e-01,  3.3033744e-01, -2.5330168e-01,  4.1074544e-01,  3.3669835e-01,  1.2770876e-01]
beta[i] numpy 2.087333
beta[i] 2.087333
17 yo
u [ 1.89691782e-05,  8.11368227e-06,  4.57896431e-06,  5.48263870e-06,  1.41859055e-05, -6.63101673e-06,  2.15940599e-06, -3.99775729e-07,  9.13773079e-07,  9.13773079e-07,  0.00000000e+00,  9.13773079e-07,  0.00000000e+00, -2.28443270e-07,  1.14221635e-07,  0.00000000e+00,  6.18510167e-05,  5.55117149e-05,  2.75274142e-05,  2.17021116e-05, -5.28275086e-06, -6.38213396e-06, -1.48488130e-06, -1.82754616e-06,  3.65509231e-06,  4.56886528e-06,  4.56886528e-06,  2.74131935e-06, -1.14221635e-07, -2.28443270e-07, -2.28443270e-07,  0.00000000e+00]
bef check o -1.5230403e-05
alpha 2.16005e-11
beta[i - 1] 2.087333
bef check 2 o -2.087348
sub u [-1.9041897e-01, -2.6182690e-01, -2.1422128e-01, -4.7604896e-02, -1.6996637e-06, -9.5209673e-02, -8.9259103e-02, -2.3802491e-02, -1.4281434e-01, -8.3308503e-02, -3.8083863e-01, -1.9041918e-01, -1.0711090e-01, -3.3323368e-01,  2.2984208e-01, -7.1407266e-02, -3.8083896e-01, -6.1350875e-07,  4.4734770e-07, -4.7604941e-02, -5.7125795e-01,  1.9041860e-01,  1.1901214e+00, -9.2829454e-01,  4.1654244e-01, -2.4397476e-01, -3.4513503e-01, -4.2844337e-01,  1.9870538e-07, -4.7604823e-01, -4.7604817e-01, -1.4281453e-01]
sub u norm 2.087347
check norm 2.087347
check o 2.087347
Traceback (most recent call last):
  File "/home/coder/cupytest.py", line 53, in <module>
    eigenvalues_cupy, eigenvectors_cupy = cupy_eigsh(X, k=2, which="SA", maxiter=10000, tol=1e-9, v0=v0, ncv=23)
  File "/home/coder/.conda/envs/rapids/lib/python3.10/site-packages/cupyx/scipy/sparse/linalg/_eigen.py", line 112, in eigsh
    lanczos(a, V, u, alpha, beta, 0, ncv)
  File "/home/coder/.conda/envs/rapids/lib/python3.10/site-packages/cupyx/scipy/sparse/linalg/_eigen.py", line 506, in aux
    raise ValueError("not working")
ValueError: not working
(.current-conda-env) (rapids) coder ➜ ~ $ 